2024-04-24 13:47:12
2024-04-24 13:48:34
2024-04-24 13:49:37
2024-04-24 13:49:54
2024-04-24 13:50:44
0
-----one service finish-----
1
-----one service finish-----
2
-----one service finish-----
3
-----one service finish-----
4
-----one service finish-----
5
-----one service finish-----
6
-----one service finish-----
2024-04-24 13:50:44
2024-04-24 13:50:52
0
Time spent:  16.998989820480347
front-end
[(5, 0.2022072134092654), (4, 0.1929038980270726), (3, 0.19252559984487985), (0, 0.1771227655325236), (1, 0.1771227655325236), (6, 0.031549342823856526), (2, 0.02656841482987855)]
Time spent:  15.597544193267822
front-end
[(5, 0.2020462388089946), (4, 0.18956431421755968), (3, 0.18855727292648836), (1, 0.18427989144548637), (0, 0.17705124128908784), (6, 0.03194335511902001), (2, 0.02655768619336318)]
Time spent:  15.534600734710693
front-end
[(2, 0.3867551652700948), (6, 0.28302150745764276), (3, 0.16203420247511988), (4, 0.0536880766520898), (5, 0.05087321835283237), (0, 0.03181391489611032), (1, 0.03181391489611032)]
Time spent:  17.446672677993774
front-end
[(5, 0.20168690128986905), (4, 0.19051775945345412), (3, 0.18850045176166397), (1, 0.18378368434716036), (0, 0.1770606617652883), (6, 0.03189144211777082), (2, 0.02655909926479325)]
Time spent:  17.016940116882324
front-end
[(5, 0.20180793307991118), (4, 0.19012981358432357), (3, 0.18875106908918254), (1, 0.18378039433645185), (0, 0.17705616991184217), (6, 0.03191619451151243), (2, 0.02655842548677633)]
Time spent:  16.233328819274902
front-end
[(5, 0.25690047337189803), (4, 0.22758816119166883), (3, 0.21647941740558008), (1, 0.20467152885938664), (2, 0.034497422775493475), (0, 0.029931498197986506), (6, 0.029931498197986506)]
Time spent:  18.27409029006958
front-end
[(3, 0.4164454532710705), (4, 0.2516974827274485), (6, 0.10766375792398103), (0, 0.08892736346201639), (1, 0.07175782982713898), (2, 0.03175405639417228), (5, 0.03175405639417228)]
Time spent:  17.815292358398438
front-end
[(5, 0.2013842460362098), (4, 0.19022674530926884), (3, 0.18897601371522282), (1, 0.18407052386235706), (0, 0.17709936877410185), (6, 0.031678196986724444), (2, 0.026564905316115283)]
Time spent:  16.876826763153076
front-end
[(5, 0.2026162645949691), (4, 0.19274249327464976), (3, 0.1920373342378985), (0, 0.17705112703482712), (1, 0.17705112703482712), (6, 0.03194398476760446), (2, 0.026557669055224074)]
Time spent:  19.08993625640869
front-end
[(5, 0.2664764120876886), (4, 0.21460755456766212), (3, 0.21416791281962136), (1, 0.20823989140275073), (6, 0.03679751544545418), (0, 0.02985535683841153), (2, 0.02985535683841153)]
-----one service finish-----
1
Time spent:  17.360509157180786
user
[(1, 0.24648481304109432), (3, 0.23457371742925204), (5, 0.2100578081608295), (0, 0.19502918570962602), (4, 0.04957389656591715), (6, 0.03502620123683704), (2, 0.02925437785644391)]
Time spent:  16.791242361068726
user
[(4, 0.4436630587153594), (6, 0.14313877778749573), (5, 0.14145727419312376), (1, 0.09849367370101568), (2, 0.0831214751231045), (3, 0.06139049546819437), (0, 0.028735245011706562)]
Time spent:  17.259254932403564
user
[(4, 0.4436185900638904), (6, 0.14162153048375895), (5, 0.1414328457888096), (3, 0.0984756645627876), (2, 0.08473695985685882), (1, 0.06138172258023089), (0, 0.028732686663663794)]
Time spent:  15.672203540802002
user
[(4, 0.4412049203063102), (6, 0.14347588697748917), (3, 0.14039027565532872), (0, 0.09788559150349564), (2, 0.08728344028477673), (5, 0.06110983675277115), (1, 0.028650048519828407)]
Time spent:  16.663657188415527
user
[(4, 0.43890997455851194), (6, 0.14838239807452136), (5, 0.1393762771591234), (3, 0.09732798381247464), (2, 0.08657547902282124), (1, 0.060855264368312526), (0, 0.028572623004234937)]
Time spent:  15.973294258117676
user
[(4, 0.4390101347745159), (6, 0.14824584901080384), (5, 0.13941686432938682), (1, 0.09735123474932356), (2, 0.086533929155054), (3, 0.060866059215993515), (0, 0.02857592876492235)]
Time spent:  15.29149341583252
user
[(4, 0.4429699598555573), (6, 0.1431559257096386), (5, 0.1411606203566159), (3, 0.0983231815068511), (2, 0.08436742339456953), (1, 0.06131160502018309), (0, 0.028711284156584464)]
Time spent:  15.128591060638428
user
[(4, 0.4412870125054893), (6, 0.14263915309935565), (3, 0.14044003241512765), (0, 0.09790824913008427), (2, 0.08795333127270694), (5, 0.061119347090567835), (1, 0.02865287448666844)]
Time spent:  13.889074325561523
user
[(2, 0.3276845823962479), (4, 0.243491479430154), (5, 0.13491690138768292), (6, 0.11068201717232867), (1, 0.09513761281150833), (3, 0.059834969548513514), (0, 0.02825243725356473)]
Time spent:  17.154398202896118
user
[(4, 0.41610479667180955), (6, 0.1773705574645072), (3, 0.13010256408659532), (2, 0.09809721828789109), (0, 0.09208100553355475), (5, 0.05841957506279714), (1, 0.027824282892844922)]
-----one service finish-----
2
Time spent:  17.890050649642944
catalogue
[(1, 0.26731796401253044), (2, 0.2156290039115734), (6, 0.2094486972334311), (4, 0.20270915321632052), (0, 0.04577167029918855), (3, 0.02956175566347794), (5, 0.02956175566347794)]
Time spent:  17.672454595565796
catalogue
[(2, 0.19258118119017498), (0, 0.19166829315454562), (1, 0.19146178867977748), (6, 0.18807270656099903), (4, 0.18281377080412353), (3, 0.026701129805189724), (5, 0.026701129805189724)]
Time spent:  17.33946418762207
catalogue
[(1, 0.26834273735157377), (2, 0.21578568717128818), (6, 0.21265093613663202), (4, 0.1967044700736585), (0, 0.04750482824474997), (3, 0.02950567051104878), (5, 0.02950567051104878)]
Time spent:  15.931904315948486
catalogue
[(2, 0.19337414306028733), (0, 0.191435633102609), (1, 0.19093325515161888), (6, 0.18781709758676585), (4, 0.1830376114883395), (3, 0.026701129805189724), (5, 0.026701129805189724)]
Time spent:  17.840797901153564
catalogue
[(1, 0.26586459197653073), (2, 0.21487946401959368), (6, 0.21168123704983294), (4, 0.20160880424892386), (0, 0.04691653112152799), (3, 0.029524685791795374), (5, 0.029524685791795374)]
Time spent:  15.173186540603638
catalogue
[(1, 0.1907585292541105), (2, 0.19074228333576332), (0, 0.189962037748178), (6, 0.1866143311557862), (4, 0.18504879315415407), (3, 0.03027073038164083), (5, 0.02660329497036715)]
Time spent:  17.95042324066162
catalogue
[(1, 0.26728820875370074), (2, 0.21524447927199186), (6, 0.20950392487884795), (4, 0.20309789336981574), (0, 0.04573992410021461), (3, 0.029562784812714554), (5, 0.029562784812714554)]
Time spent:  18.17393398284912
catalogue
[(1, 0.26748546214820046), (2, 0.21494921272152626), (6, 0.21002040670638839), (4, 0.20254320105093465), (0, 0.04588559113168791), (3, 0.029558063120631185), (5, 0.029558063120631185)]
Time spent:  15.77299165725708
catalogue
[(0, 0.30979685209916513), (1, 0.27703371132318555), (4, 0.2244866320532172), (2, 0.07532501891925035), (5, 0.0450159278521144), (3, 0.036580080424561165), (6, 0.03176177732850625)]
Time spent:  17.130448579788208
catalogue
[(0, 0.19328190102225884), (2, 0.19285682016228958), (6, 0.1894472558929875), (1, 0.18784486757695584), (4, 0.1831668957351289), (3, 0.026701129805189728), (5, 0.026701129805189728)]
-----one service finish-----
3
Time spent:  16.529266357421875
orders
[(5, 0.19641231253476174), (1, 0.19306605130657553), (3, 0.18627122914520128), (2, 0.18429518294387112), (0, 0.1833961252097896), (4, 0.029946964554708348), (6, 0.026612134305092405)]
Time spent:  16.93966507911682
orders
[(5, 0.19709543607374086), (3, 0.1936299466746096), (1, 0.18970306477804658), (2, 0.18518622716834313), (0, 0.17731932771395756), (4, 0.03046809843420852), (6, 0.02659789915709364)]
Time spent:  18.18742060661316
orders
[(5, 0.19797823250059832), (1, 0.19021188975930015), (0, 0.18571770401918597), (2, 0.18505115757860716), (3, 0.18421241271178806), (4, 0.03022403399709911), (6, 0.026604569433421207)]
Time spent:  18.738444805145264
orders
[(4, 0.3967438804157212), (1, 0.19059419627256166), (0, 0.14984963047591401), (3, 0.11171357205556151), (5, 0.07737072263438856), (2, 0.04651323120563136), (6, 0.02721476694022164)]
Time spent:  17.201050519943237
orders
[(5, 0.19755345256582513), (1, 0.18963435216365856), (0, 0.18670404060659399), (3, 0.18649332640035746), (2, 0.1834230580401013), (4, 0.029569316837015004), (6, 0.026622453386448624)]
